0.0000000000000000e+00
1.2650000000000000e-02
1.1990000000000001e-02
1.1330000000000000e-02
1.0670000000000001e-02
9.8099999999999993e-03
2.3900000000000002e-03
-5.0200000000000002e-03
-1.2430000000000000e-02
-1.8890000000000001e-02
-1.0440000000000000e-02
-1.9800000000000000e-03
6.4700000000000001e-03
8.8000000000000003e-04
-1.4880000000000001e-02
-2.8860000000000000e-02
-2.4910000000000002e-02
-2.0969999999999999e-02
-1.7020000000000000e-02
-1.3070000000000000e-02
-9.1199999999999996e-03
-5.1700000000000001e-03
-1.2199999999999999e-03
-1.7500000000000000e-03
-4.7800000000000004e-03
-7.8200000000000006e-03
-1.0860000000000000e-02
-1.3899999999999999e-02
-1.6940000000000000e-02
-1.7770000000000001e-02
-8.5699999999999995e-03
6.4000000000000005e-04
9.8499999999999994e-03
1.9060000000000001e-02
2.4360000000000000e-02
1.4959999999999999e-02
5.5599999999999998e-03
-3.8300000000000001e-03
-1.1999999999999999e-03
5.8799999999999998e-03
1.2970000000000001e-02
5.5300000000000002e-03
-1.6410000000000001e-02
-3.8359999999999998e-02
-3.7050000000000000e-02
-1.4260000000000000e-02
8.5299999999999994e-03
3.1320000000000001e-02
3.1949999999999999e-02
2.6700000000000002e-02
2.5790000000000000e-02
3.5009999999999999e-02
4.4240000000000002e-02
3.4400000000000000e-02
2.0369999999999999e-02
6.3400000000000001e-03
-6.0099999999999997e-03
-1.3100000000000000e-03
3.3800000000000002e-03
8.0800000000000004e-03
6.4700000000000001e-03
8.1999999999999998e-04
1.1550000000000000e-02
2.4729999999999999e-02
3.7900000000000003e-02
5.1080000000000000e-02
5.0240000000000000e-02
4.7849999999999997e-02
3.9170000000000003e-02
-2.5300000000000001e-03
-4.4229999999999998e-02
-7.5109999999999996e-02
-5.6710000000000003e-02
-3.8300000000000001e-02
-1.9900000000000001e-02
-1.0370000000000001e-02
-1.1690000000000001e-02
-1.3010000000000001e-02
9.4780000000000003e-02
7.1309999999999998e-02
4.3670000000000000e-02
1.6029999999999999e-02
-1.1599999999999999e-02
-3.9239999999999997e-02
-1.8149999999999999e-02
2.9399999999999999e-03
2.4029999999999999e-02
3.1489999999999997e-02
3.9100000000000003e-03
-2.3670000000000000e-02
-2.0300000000000001e-03
3.2700000000000000e-02
6.3640000000000002e-02
3.5200000000000002e-02
6.7600000000000004e-03
-1.9349999999999999e-02
-1.4619999999999999e-02
-9.8899999999999995e-03
-5.1500000000000001e-03
-4.2000000000000002e-04
4.3099999999999996e-03
9.0399999999999994e-03
3.3999999999999998e-03
-3.9399999999999999e-03
1.0820000000000000e-02
3.8539999999999998e-02
4.3159999999999997e-02
1.1639999999999999e-02
-1.9879999999999998e-02
-4.0000000000000002e-04
2.4740000000000002e-02
4.2490000000000000e-02
2.4100000000000000e-02
5.7099999999999998e-03
1.6100000000000001e-03
4.2399999999999998e-03
3.7100000000000002e-03
-9.4599999999999997e-03
-2.2640000000000000e-02
-2.6450000000000001e-02
2.8999999999999998e-03
3.2250000000000001e-02
6.1600000000000002e-02
4.8039999999999999e-02
3.4049999999999997e-02
2.0060000000000001e-02
6.0699999999999999e-03
-7.9200000000000000e-03
-2.1909999999999999e-02
-1.6219999999999998e-02
-4.6499999999999996e-03
6.9300000000000004e-03
1.8499999999999999e-02
3.0070000000000000e-02
3.0620000000000001e-02
2.9909999999999999e-02
3.2539999999999999e-02
3.5170000000000000e-02
2.0129999999999999e-02
1.4700000000000000e-03
-1.7190000000000000e-02
-6.8100000000000001e-03
8.6899999999999998e-03
2.1460000000000000e-02
1.2060000000000000e-02
1.0380000000000000e-02
2.1880000000000000e-02
2.7750000000000000e-02
2.4450000000000000e-02
2.1149999999999999e-02
2.6130000000000000e-02
4.3529999999999999e-02
6.0940000000000001e-02
7.2470000000000007e-02
5.5300000000000002e-02
3.8140000000000000e-02
2.0979999999999999e-02
3.8200000000000000e-03
-1.3339999999999999e-02
-3.0509999999999999e-02
-3.0439999999999998e-02
-1.0160000000000001e-02
1.0130000000000000e-02
3.0419999999999999e-02
2.8080000000000001e-02
2.5280000000000000e-02
2.2480000000000000e-02
1.9680000000000000e-02
8.1129999999999994e-02
1.6286999999999999e-01
1.5773000000000001e-01
7.2389999999999996e-02
-1.2940000000000000e-02
-9.8280000000000006e-02
-1.8361000000000000e-01
-2.6895000000000002e-01
-1.8618000000000001e-01
-6.3990000000000005e-02
5.8200000000000002e-02
1.6639000000000001e-01
1.1351000000000000e-01
6.0620000000000000e-02
7.7400000000000004e-03
-4.5150000000000003e-02
-3.4849999999999999e-02
-1.3400000000000000e-02
8.0599999999999995e-03
-2.6710000000000001e-02
-9.5930000000000001e-02
-1.1860999999999999e-01
-6.8500000000000005e-02
-1.8390000000000000e-02
-3.7100000000000002e-03
-2.6700000000000001e-03
2.6890000000000001e-02
4.9189999999999998e-02
3.6010000000000000e-02
3.0159999999999999e-02
2.7750000000000000e-02
2.5350000000000001e-02
-4.6899999999999997e-02
-1.2281000000000000e-01
-9.8919999999999994e-02
-3.4250000000000003e-02
3.0419999999999999e-02
9.5079999999999998e-02
1.5975000000000000e-01
1.8415999999999999e-01
8.7809999999999999e-02
-8.5500000000000003e-03
-1.0489999999999999e-01
-2.0125999999999999e-01
-1.7063999999999999e-01
-1.0209000000000000e-01
-6.6119999999999998e-02
-1.0992000000000000e-01
-1.4704000000000000e-01
-5.7079999999999999e-02
-3.9629999999999999e-02
-7.9159999999999994e-02
-1.1869000000000000e-01
-1.5822000000000000e-01
-8.3860000000000004e-02
2.1156000000000000e-01
3.5435000000000000e-01
2.1368000000000001e-01
7.2999999999999995e-02
-6.7669999999999994e-02
-2.0835000000000001e-01
-2.4426999999999999e-01
-1.0928000000000000e-01
2.5710000000000000e-02
1.6069000000000000e-01
1.6925000000000001e-01
1.0972999999999999e-01
5.0209999999999998e-02
-9.3100000000000006e-03
-6.8830000000000002e-02
-7.1660000000000001e-02
6.8000000000000005e-04
7.3020000000000002e-02
1.4535000000000001e-01
1.1531000000000000e-01
7.9880000000000007e-02
4.4450000000000003e-02
9.0200000000000002e-03
2.0877000000000001e-01
2.0674000000000001e-01
1.2830000000000000e-01
4.9860000000000002e-02
-2.8580000000000001e-02
-1.0702000000000000e-01
-1.1965000000000001e-01
-6.9050000000000000e-02
-1.8440000000000002e-02
1.3010000000000001e-02
-4.7699999999999999e-03
-2.2540000000000001e-02
-4.0320000000000002e-02
-5.8099999999999999e-02
-1.4990000000000000e-02
1.6363000000000000e-01
1.5271000000000001e-01
1.0019000000000000e-01
4.7660000000000001e-02
-4.8599999999999997e-03
-5.7380000000000000e-02
-1.0990999999999999e-01
-1.6242999999999999e-01
-2.1495000000000000e-01
-2.6748000000000000e-01
-2.7359000000000000e-01
-1.2434000000000001e-01
2.4910000000000002e-02
1.3502000000000000e-01
2.3340000000000000e-02
-8.8349999999999998e-02
-2.0004000000000000e-01
-3.1172000000000000e-01
-2.5999000000000000e-01
-1.2776000000000001e-01
4.4700000000000000e-03
1.3669000000000001e-01
2.6891999999999999e-01
2.5423000000000001e-01
1.7657999999999999e-01
9.8930000000000004e-02
2.1280000000000000e-02
-5.6370000000000003e-02
-5.3319999999999999e-02
-2.0430000000000000e-02
1.2460000000000001e-02
4.5350000000000001e-02
7.8240000000000004e-02
1.1113000000000001e-01
1.4402000000000001e-01
1.7691000000000001e-01
2.0979999999999999e-01
1.9553999999999999e-01
6.5860000000000002e-02
-6.3820000000000002e-02
-1.9350999999999999e-01
-1.3930999999999999e-01
-4.1970000000000000e-02
5.5359999999999999e-02
1.5270000000000000e-01
2.5002999999999997e-01
3.2433000000000001e-01
1.9131000000000001e-01
5.8290000000000002e-02
-7.4730000000000005e-02
-2.0774000000000001e-01
-3.4076000000000001e-01
-4.7377999999999998e-01
-3.0488999999999999e-01
-9.4829999999999998e-02
1.1523000000000000e-01
2.7682000000000001e-01
1.8387000000000001e-01
9.0929999999999997e-02
-2.0100000000000001e-03
-9.4950000000000007e-02
-1.8789000000000000e-01
-2.8083000000000002e-01
-3.7376999999999999e-01
-1.9456000000000001e-01
1.0129000000000001e-01
2.5356000000000001e-01
-1.0327000000000000e-01
-7.5620000000000007e-02
-3.6080000000000001e-02
-3.5799999999999998e-02
-7.6359999999999997e-02
-1.1692000000000000e-01
-1.5748000000000001e-01
-1.9803999999999999e-01
-2.3860999999999999e-01
-2.4706000000000000e-01
-1.7296000000000000e-01
-9.8849999999999993e-02
-2.4750000000000001e-02
4.9360000000000001e-02
1.2346000000000000e-01
1.9048999999999999e-01
1.4660999999999999e-01
1.0272000000000001e-01
5.8840000000000003e-02
1.4959999999999999e-02
-2.8920000000000001e-02
-7.2810000000000000e-02
-1.1669000000000000e-01
-1.6056999999999999e-01
2.3539999999999998e-02
2.4476000000000001e-01
3.3061000000000001e-01
1.9559000000000001e-01
6.0569999999999999e-02
-7.4450000000000002e-02
-2.0946999999999999e-01
-3.4448000000000001e-01
-4.3519999999999998e-01
-2.9330000000000001e-01
-1.5140999999999999e-01
-9.5200000000000007e-03
1.3238000000000000e-01
1.0668999999999999e-01
5.7299999999999999e-03
-9.5240000000000005e-02
-5.9870000000000000e-02
3.1179999999999999e-02
1.2223000000000001e-01
6.0830000000000002e-02
-5.6959999999999997e-02
-1.7474000000000001e-01
-2.9253000000000001e-01
-4.1032000000000002e-01
-2.7444000000000002e-01
-5.8459999999999998e-02
1.5751999999999999e-01
3.6438999999999999e-01
2.7661000000000002e-01
1.8881999999999999e-01
1.0102999999999999e-01
1.3250000000000000e-02
-6.2289999999999998e-02
5.4109999999999998e-02
1.7050999999999999e-01
2.8689999999999999e-01
2.6235999999999998e-01
2.0895000000000000e-01
1.5554999999999999e-01
1.0213999999999999e-01
4.8730000000000002e-02
-4.6800000000000001e-03
-5.8090000000000003e-02
-1.1150000000000000e-01
-8.7480000000000002e-02
-5.2909999999999999e-02
-1.8339999999999999e-02
1.6230000000000001e-02
5.0790000000000002e-02
8.5360000000000005e-02
3.7010000000000001e-02
-5.4059999999999997e-02
-1.4513999999999999e-01
-2.3621000000000000e-01
-3.2729000000000003e-01
-4.1836000000000001e-01
-2.3830000000000001e-01
-4.3970000000000002e-02
1.1169999999999999e-02
-9.7100000000000006e-02
-4.2880000000000001e-02
7.4529999999999999e-02
1.9195000000000001e-01
3.0936000000000002e-01
2.3416000000000001e-01
1.5895999999999999e-01
8.3760000000000001e-02
8.5699999999999995e-03
-6.6629999999999995e-02
-1.4183000000000001e-01
-1.0759000000000001e-01
-4.2479999999999997e-02
2.2640000000000000e-02
8.7749999999999995e-02
1.5286000000000000e-01
1.2384000000000001e-01
7.2739999999999999e-02
2.1640000000000000e-02
-2.9460000000000000e-02
-8.0549999999999997e-02
-1.3164999999999999e-01
-1.2485000000000000e-01
-7.9439999999999997e-02
-3.4029999999999998e-02
1.1379999999999999e-02
5.6779999999999997e-02
8.6679999999999993e-02
1.2789999999999999e-02
-6.1109999999999998e-02
-1.3500999999999999e-01
-2.0890000000000000e-01
-2.8280000000000000e-01
-2.4073000000000000e-01
-3.8519999999999999e-02
1.6369000000000000e-01
1.2238000000000000e-01
6.2740000000000004e-02
3.1099999999999999e-03
-5.9800000000000001e-03
1.8711000000000000e-01
2.1260000000000001e-01
1.6961999999999999e-01
1.2665000000000001e-01
8.3669999999999994e-02
4.0689999999999997e-02
-2.2799999999999999e-03
-4.5260000000000002e-02
-8.8230000000000003e-02
-1.3120999999999999e-01
-1.4463000000000001e-01
-7.8149999999999997e-02
-1.1670000000000000e-02
5.4809999999999998e-02
1.2129000000000000e-01
1.2292000000000000e-01
7.1480000000000002e-02
2.0049999999999998e-02
-3.1390000000000001e-02
-8.2820000000000005e-02
-1.2327000000000000e-01
-3.7390000000000000e-02
4.8500000000000001e-02
1.3438000000000000e-01
1.6436000000000001e-01
9.0499999999999997e-02
1.6639999999999999e-02
-5.7220000000000000e-02
-6.7449999999999996e-02
-4.0300000000000002e-02
-1.3150000000000000e-02
1.4000000000000000e-02
4.1149999999999999e-02
6.8300000000000000e-02
9.5449999999999993e-02
1.1259000000000000e-01
8.0839999999999995e-02
4.9090000000000002e-02
1.7350000000000001e-02
-1.4400000000000000e-02
-4.6149999999999997e-02
-7.7890000000000001e-02
-1.0964000000000000e-01
-1.4138000000000001e-01
-1.7313000000000001e-01
-1.3277000000000000e-01
-1.4290000000000001e-02
1.0419000000000000e-01
1.1856999999999999e-01
2.8870000000000000e-02
-6.0830000000000002e-02
-8.2409999999999997e-02
-4.0349999999999997e-02
-8.6459999999999995e-02
-8.4040000000000004e-02
-3.8589999999999999e-02
-5.9540000000000003e-02
-9.8129999999999995e-02
-1.3100999999999999e-01
-7.4249999999999997e-02
-1.7489999999999999e-02
3.9280000000000002e-02
9.6040000000000000e-02
1.5279999999999999e-01
1.4460999999999999e-01
9.1289999999999996e-02
3.7969999999999997e-02
-1.5339999999999999e-02
-6.8659999999999999e-02
-5.9510000000000000e-02
-1.2080000000000000e-02
2.6980000000000001e-02
1.4550000000000000e-02
1.1769999999999999e-02
2.3490000000000000e-02
3.5200000000000002e-02
3.7859999999999998e-02
-3.7299999999999998e-03
-4.5310000000000003e-02
-7.0720000000000005e-02
-2.2470000000000000e-02
2.5780000000000001e-02
7.4029999999999999e-02
1.2228000000000000e-01
1.1287999999999999e-01
7.9930000000000001e-02
4.6989999999999997e-02
1.4040000000000000e-02
-1.8910000000000000e-02
-5.1850000000000000e-02
-3.9370000000000002e-02
-2.3429999999999999e-02
-4.0169999999999997e-02
-1.9599999999999999e-03
3.6240000000000001e-02
5.2789999999999997e-02
5.0139999999999997e-02
4.9590000000000002e-02
9.9659999999999999e-02
5.9020000000000003e-02
-4.2900000000000004e-03
-2.6849999999999999e-02
3.7199999999999997e-02
8.1189999999999998e-02
8.4440000000000001e-02
8.7690000000000004e-02
7.1629999999999999e-02
1.8060000000000000e-02
-3.5510000000000000e-02
-8.9069999999999996e-02
-1.1715000000000000e-01
-1.0181999999999999e-01
-1.0868000000000000e-01
-1.1856999999999999e-01
-1.7319999999999999e-02
9.7670000000000007e-02
4.8259999999999997e-02
-6.0200000000000002e-03
1.0080000000000000e-02
2.6179999999999998e-02
1.5060000000000000e-02
1.8900000000000000e-03
2.8830000000000001e-02
7.3779999999999998e-02
1.1874000000000000e-01
1.0162000000000000e-01
5.9150000000000001e-02
1.6680000000000000e-02
-2.5800000000000000e-02
-6.8269999999999997e-02
-8.9849999999999999e-02
-4.5260000000000002e-02
-6.7000000000000002e-04
4.3920000000000001e-02
8.8520000000000001e-02
5.9040000000000002e-02
7.4300000000000000e-03
-4.4170000000000001e-02
-9.5769999999999994e-02
-1.4385999999999999e-01
-1.0760000000000000e-01
-7.1340000000000001e-02
-3.5080000000000000e-02
1.1800000000000001e-03
3.7440000000000001e-02
2.5729999999999999e-02
-2.0719999999999999e-02
-6.7159999999999997e-02
-1.1361000000000000e-01
-1.6006000000000001e-01
-1.1117000000000000e-01
-4.6760000000000003e-02
8.1899999999999994e-03
-6.2100000000000002e-03
-2.0619999999999999e-02
-1.5859999999999999e-02
1.8870000000000001e-02
5.3609999999999998e-02
8.8340000000000002e-02
6.9779999999999995e-02
4.5940000000000002e-02
2.2100000000000002e-02
-1.7300000000000000e-03
-2.5569999999999999e-02
-8.9999999999999998e-04
4.5569999999999999e-02
9.2039999999999997e-02
1.3850999999999999e-01
1.3356999999999999e-01
1.0765000000000000e-01
8.1720000000000001e-02
8.7809999999999999e-02
1.0574000000000000e-01
1.2367000000000000e-01
7.6300000000000007e-02
2.8930000000000001e-02
-1.8440000000000002e-02
-4.1910000000000003e-02
-7.6999999999999996e-04
4.0379999999999999e-02
8.1530000000000005e-02
9.6269999999999994e-02
4.9410000000000003e-02
2.5500000000000002e-03
-4.4319999999999998e-02
-6.6129999999999994e-02
-3.4709999999999998e-02
-3.2900000000000000e-03
2.8129999999999999e-02
5.9549999999999999e-02
3.3739999999999999e-02
-2.1800000000000001e-03
-3.8100000000000002e-02
-7.4010000000000006e-02
-1.0993000000000000e-01
-1.4585000000000001e-01
-1.5173000000000000e-01
-1.0860000000000000e-01
-6.5479999999999997e-02
-2.2349999999999998e-02
2.0770000000000000e-02
1.9820000000000001e-02
1.4510000000000000e-02
3.1250000000000000e-02
7.7229999999999993e-02
9.1370000000000007e-02
6.5000000000000002e-02
3.8629999999999998e-02
1.2260000000000000e-02
-1.4109999999999999e-02
1.2650000000000000e-02
4.1040000000000000e-02
6.9440000000000002e-02
8.7000000000000001e-04
-6.9669999999999996e-02
-1.4022000000000001e-01
-2.1077000000000001e-01
-1.4910999999999999e-01
-4.5699999999999998e-02
5.7709999999999997e-02
1.5587999999999999e-01
8.4790000000000004e-02
1.3700000000000000e-02
-5.7400000000000000e-02
-1.2848999999999999e-01
-1.8726000000000001e-01
-5.3080000000000002e-02
8.1110000000000002e-02
1.0394000000000000e-01
4.6140000000000000e-02
-1.1660000000000000e-02
-6.9459999999999994e-02
-1.2726000000000001e-01
-9.5200000000000007e-02
-5.6899999999999997e-03
8.3830000000000002e-02
1.7333999999999999e-01
1.5973999999999999e-01
8.5580000000000003e-02
1.1410000000000000e-02
-6.2750000000000000e-02
-1.3691000000000000e-01
-9.7570000000000004e-02
-4.7010000000000003e-02
-8.9099999999999995e-03
-3.1620000000000002e-02
-5.4339999999999999e-02
-3.0570000000000000e-02
1.4090000000000000e-02
-9.8300000000000002e-03
-6.3130000000000006e-02
-7.3770000000000002e-02
6.6839999999999997e-02
1.4895000000000000e-01
3.5189999999999999e-02
-7.8570000000000001e-02
-5.6030000000000003e-02
1.4409999999999999e-02
8.4839999999999999e-02
1.2928999999999999e-01
9.9809999999999996e-02
7.0330000000000004e-02
4.0849999999999997e-02
1.3040000000000000e-02
2.5370000000000000e-02
3.7699999999999997e-02
5.0029999999999998e-02
6.2359999999999999e-02
6.0089999999999998e-02
5.4399999999999997e-02
4.8700000000000000e-02
4.7370000000000002e-02
5.4489999999999997e-02
6.1609999999999998e-02
5.6070000000000002e-02
4.2079999999999999e-02
2.8100000000000000e-02
1.4109999999999999e-02
1.1290000000000000e-02
2.6679999999999999e-02
4.2079999999999999e-02
5.7470000000000000e-02
7.2870000000000004e-02
8.8270000000000001e-02
8.2820000000000005e-02
6.6640000000000005e-02
5.0459999999999998e-02
3.4279999999999998e-02
1.8100000000000002e-02
6.9100000000000003e-03
1.7000000000000001e-02
2.7080000000000000e-02
3.7170000000000002e-02
1.6700000000000000e-02
-5.0299999999999997e-03
-2.6769999999999999e-02
-4.8500000000000001e-02
-1.4970000000000001e-02
3.7969999999999997e-02
9.0920000000000001e-02
7.1970000000000006e-02
5.3019999999999998e-02
3.4079999999999999e-02
1.5129999999999999e-02
3.6949999999999997e-02
5.3449999999999998e-02
2.8799999999999999e-02
4.1399999999999996e-03
-2.0520000000000000e-02
-1.3060000000000000e-02
-1.5800000000000000e-03
-3.6729999999999999e-02
-7.1889999999999996e-02
-9.1590000000000005e-02
4.4859999999999997e-02
8.9940000000000006e-02
7.8939999999999996e-02
1.0709000000000000e-01
1.0383000000000001e-01
4.7100000000000003e-02
-9.6299999999999997e-03
-5.6890000000000003e-02
-4.5920000000000002e-02
-3.4950000000000002e-02
-2.3980000000000001e-02
-1.6780000000000000e-02
-2.9329999999999998e-02
-4.1880000000000001e-02
-4.8189999999999997e-02
-2.6060000000000000e-02
-3.9199999999999999e-03
1.8210000000000000e-02
4.0340000000000001e-02
6.2480000000000001e-02
3.7839999999999999e-02
1.1259999999999999e-02
-1.5320000000000000e-02
-4.1910000000000003e-02
-6.8489999999999995e-02
-6.9860000000000005e-02
-4.4970000000000003e-02
-2.8029999999999999e-02
-3.3709999999999997e-02
-3.9390000000000001e-02
-4.5069999999999999e-02
-3.0230000000000000e-02
-1.1240000000000000e-02
-3.1660000000000001e-02
-4.9860000000000002e-02
-2.5850000000000001e-02
-1.2760000000000001e-02
-2.3970000000000002e-02
-2.9720000000000000e-02
-2.3830000000000000e-02
-1.7950000000000001e-02
-1.5599999999999999e-02
-2.0109999999999999e-02
-2.4620000000000000e-02
-1.8100000000000002e-02
-9.6399999999999993e-03
-1.1800000000000001e-03
-3.3000000000000000e-04
-4.1300000000000000e-03
9.7000000000000003e-03
2.5930000000000002e-02
4.2150000000000000e-02
5.8380000000000001e-02
5.5199999999999999e-02
4.2029999999999998e-02
3.1699999999999999e-02
3.5240000000000000e-02
3.8789999999999998e-02
3.1510000000000003e-02
1.0420000000000000e-02
-1.0659999999999999e-02
-3.1739999999999997e-02
-2.8530000000000000e-02
-1.5389999999999999e-02
-1.0410000000000001e-02
-3.2779999999999997e-02
-5.5149999999999998e-02
-3.4660000000000003e-02
8.9999999999999998e-04
2.2470000000000000e-02
4.2599999999999999e-03
-1.3950000000000001e-02
-3.2160000000000001e-02
-5.0369999999999998e-02
-6.6140000000000004e-02
-2.3470000000000001e-02
1.6199999999999999e-02
-1.4100000000000000e-03
-1.9009999999999999e-02
-3.3840000000000002e-02
-1.1939999999999999e-02
9.9600000000000001e-03
2.8280000000000000e-02
1.0380000000000000e-02
-7.5199999999999998e-03
-2.5420000000000002e-02
-1.2380000000000000e-02
2.0440000000000000e-02
2.0360000000000000e-02
1.2999999999999999e-04
-2.0109999999999999e-02
-1.3330000000000000e-02
8.6400000000000001e-03
1.1180000000000001e-02
3.2599999999999999e-03
-1.2899999999999999e-03
1.1870000000000000e-02
1.9220000000000001e-02
1.0000000000000000e-04
-1.9029999999999998e-02
-3.8150000000000003e-02
-5.7279999999999998e-02
-6.8129999999999996e-02
-4.7849999999999997e-02
-2.7570000000000001e-02
-7.3000000000000001e-03
1.2980000000000000e-02
3.3259999999999998e-02
3.4610000000000002e-02
2.9309999999999999e-02
2.7230000000000001e-02
3.4770000000000002e-02
3.5589999999999997e-02
1.8210000000000000e-02
8.3000000000000001e-04
-1.6549999999999999e-02
-3.3939999999999998e-02
-5.1319999999999998e-02
-5.1850000000000000e-02
-4.8160000000000001e-02
-4.4479999999999999e-02
-5.0590000000000003e-02
-5.8860000000000003e-02
-8.4799999999999997e-03
5.3920000000000003e-02
5.0950000000000002e-02
3.5540000000000002e-02
2.0140000000000002e-02
2.9260000000000001e-02
3.2640000000000002e-02
1.9420000000000000e-02
2.4160000000000001e-02
3.1340000000000000e-02
1.8020000000000001e-02
2.1700000000000001e-03
-1.3670000000000000e-02
-1.0380000000000000e-02
-1.1299999999999999e-02
-2.1010000000000001e-02
-4.1999999999999997e-03
1.4919999999999999e-02
2.9770000000000001e-02
2.6429999999999999e-02
2.4459999999999999e-02
2.7930000000000000e-02
3.1399999999999997e-02
1.1690000000000001e-02
-8.7299999999999999e-03
-7.5700000000000003e-03
-5.9800000000000001e-03
-4.5080000000000002e-02
-6.8540000000000004e-02
-4.3860000000000003e-02
-1.9170000000000000e-02
5.5199999999999997e-03
2.9479999999999999e-02
1.7979999999999999e-02
6.4799999999999996e-03
-5.0200000000000002e-03
-1.6530000000000000e-02
-2.8029999999999999e-02
-3.3259999999999998e-02
-2.4549999999999999e-02
-1.5830000000000000e-02
-7.1100000000000000e-03
-5.7700000000000000e-03
-9.7800000000000005e-03
-1.2149999999999999e-02
1.7000000000000001e-04
1.2480000000000000e-02
2.4799999999999999e-02
3.7120000000000000e-02
3.3180000000000001e-02
2.6810000000000000e-02
2.0440000000000000e-02
1.4080000000000001e-02
7.7099999999999998e-03
1.3400000000000000e-03
-5.0000000000000002e-05
1.1299999999999999e-03
2.3000000000000000e-03
3.4800000000000000e-03
-7.7900000000000000e-03
-2.0000000000000000e-02
-1.5820000000000001e-02
-1.0600000000000000e-02
-1.2460000000000001e-02
-2.2630000000000001e-02
-3.2809999999999999e-02
-3.9520000000000000e-02
-3.4639999999999997e-02
-3.1469999999999998e-02
-3.3720000000000000e-02
-2.2239999999999999e-02
-6.1900000000000002e-03
-5.4799999999999996e-03
-9.6100000000000005e-03
-1.3740000000000000e-02
-1.7870000000000000e-02
-2.1999999999999999e-02
-3.3709999999999997e-02
-4.7440000000000003e-02
-6.1159999999999999e-02
-7.3669999999999999e-02
-6.7049999999999998e-02
-6.0429999999999998e-02
-5.3809999999999997e-02
-4.7190000000000003e-02
-4.0570000000000002e-02
-3.3950000000000001e-02
-2.7330000000000000e-02
-2.6470000000000000e-02
-2.9280000000000000e-02
-3.2099999999999997e-02
-3.4909999999999997e-02
-3.7730000000000000e-02
-3.2050000000000002e-02
-2.1600000000000001e-02
-1.3200000000000000e-02
-1.6410000000000001e-02
-1.9630000000000002e-02
-1.2860000000000000e-02
-1.1600000000000000e-03
1.0529999999999999e-02
2.2220000000000000e-02
1.6170000000000000e-02
8.9899999999999997e-03
1.8000000000000000e-03
-5.3800000000000002e-03
-1.2570000000000000e-02
-1.9750000000000000e-02
-1.0290000000000001e-02
-4.8000000000000001e-04
9.3200000000000002e-03
1.9130000000000001e-02
1.5140000000000001e-02