0.0000000000000000e+00
2.9600000000000000e-03
-5.0800000000000003e-03
-1.3120000000000000e-02
-1.5259999999999999e-02
-2.2399999999999998e-03
1.0789999999999999e-02
2.3810000000000001e-02
2.3970000000000002e-02
1.3599999999999999e-02
3.2299999999999998e-03
-7.1300000000000001e-03
-1.4890000000000000e-02
7.3099999999999997e-03
2.9499999999999998e-02
5.5700000000000003e-03
-5.0420000000000000e-02
-6.4689999999999998e-02
-5.1150000000000001e-02
-3.7600000000000001e-02
-2.4060000000000002e-02
-1.0520000000000000e-02
3.0300000000000001e-03
1.3630000000000000e-02
6.1999999999999998e-03
-1.2400000000000000e-03
-8.6800000000000002e-03
-1.6109999999999999e-02
-1.3950000000000001e-02
-7.0600000000000003e-03
-1.6000000000000001e-04
6.7299999999999999e-03
-3.9500000000000004e-03
-1.5740000000000001e-02
-6.6499999999999997e-03
1.1390000000000001e-02
8.0800000000000004e-03
-3.5400000000000002e-03
3.2499999999999999e-03
1.6860000000000000e-02
1.3890000000000000e-02
-6.3299999999999997e-03
-2.6540000000000001e-02
-4.6750000000000000e-02
-4.4200000000000003e-02
-2.0629999999999999e-02
2.9399999999999999e-03
2.6509999999999999e-02
5.0080000000000000e-02
4.6149999999999997e-02
1.9740000000000001e-02
-6.6699999999999997e-03
-3.3090000000000001e-02
-2.1770000000000001e-02
-2.1600000000000000e-03
-4.9800000000000001e-03
-1.2400000000000000e-02
-1.2390000000000000e-02
-7.2300000000000003e-03
-2.0699999999999998e-03
3.0899999999999999e-03
-2.0639999999999999e-02
-4.8680000000000001e-02
1.4330000000000001e-02
7.5459999999999999e-02
4.8730000000000002e-02
2.7969999999999998e-02
4.1009999999999998e-02
2.4109999999999999e-02
-3.5889999999999998e-02
-9.5880000000000007e-02
-9.1300000000000006e-02
-5.6320000000000002e-02
-2.1340000000000001e-02
1.3639999999999999e-02
4.8610000000000000e-02
8.3589999999999998e-02
1.1856999999999999e-01
7.4450000000000002e-02
2.7879999999999999e-02
-1.8689999999999998e-02
-4.8750000000000002e-02
-2.6540000000000001e-02
-4.3200000000000001e-03
-1.5910000000000001e-02
-3.8769999999999999e-02
-6.0499999999999998e-02
-2.6780000000000002e-02
6.9400000000000000e-03
4.0660000000000002e-02
4.5449999999999997e-02
2.6910000000000000e-02
3.3390000000000003e-02
3.0000000000000001e-03
-5.1420000000000000e-02
-4.0250000000000001e-02
-3.3810000000000000e-02
-3.6979999999999999e-02
-4.0160000000000001e-02
-2.7459999999999998e-02
1.4730000000000000e-02
5.6910000000000002e-02
2.9149999999999999e-02
-9.9900000000000006e-03
-4.9130000000000000e-02
-8.8270000000000001e-02
-5.1760000000000000e-02
-5.8999999999999999e-03
1.2590000000000000e-02
-9.9799999999999993e-03
-3.2550000000000003e-02
-5.5120000000000002e-02
-5.3240000000000003e-02
6.0019999999999997e-02
7.6050000000000006e-02
4.6320000000000000e-02
1.6600000000000000e-02
-1.3120000000000000e-02
-4.2849999999999999e-02
-7.2569999999999996e-02
-1.3020000000000000e-02
4.0129999999999999e-02
-4.4339999999999997e-02
-1.3660000000000000e-02
5.8900000000000003e-03
-1.1450000000000000e-02
-2.8799999999999999e-02
-4.6140000000000000e-02
-3.6499999999999998e-02
4.6080000000000003e-02
5.4800000000000001e-02
-1.9900000000000000e-03
-5.4480000000000001e-02
-2.5380000000000000e-02
3.7200000000000002e-03
-1.8780000000000002e-02
-5.3370000000000001e-02
-4.2160000000000003e-02
-2.0889999999999999e-02
-3.1919999999999997e-02
-3.4660000000000003e-02
-8.4399999999999996e-03
-9.2800000000000001e-03
-2.8160000000000001e-02
-1.2740000000000000e-02
8.2600000000000000e-03
2.9270000000000001e-02
4.4589999999999998e-02
2.5010000000000001e-02
5.4299999999999999e-03
-1.4149999999999999e-02
-3.3730000000000003e-02
-5.3310000000000003e-02
-7.2889999999999996e-02
-7.0470000000000005e-02
-3.8870000000000002e-02
-7.2800000000000000e-03
2.4320000000000001e-02
5.5910000000000001e-02
8.7510000000000004e-02
5.6279999999999997e-02
2.2429999999999999e-02
-1.1420000000000000e-02
-4.5269999999999998e-02
-7.9119999999999996e-02
-1.1297000000000000e-01
-1.4682000000000001e-01
-1.8067000000000000e-01
-2.1451999999999999e-01
-6.2590000000000007e-02
8.7260000000000004e-02
7.2919999999999999e-02
5.8569999999999997e-02
6.4030000000000004e-02
1.1801000000000000e-01
1.7199000000000000e-01
1.4767000000000000e-01
1.0500000000000000e-01
6.2320000000000000e-02
1.9640000000000001e-02
-2.3029999999999998e-02
1.1100000000000000e-02
9.8599999999999993e-02
1.1280000000000000e-01
-9.1299999999999992e-03
-1.3106000000000001e-01
-2.5298999999999999e-01
-2.1981000000000001e-01
-9.1550000000000006e-02
3.6700000000000003e-02
1.6495000000000001e-01
1.2547000000000000e-01
6.7339999999999997e-02
9.2099999999999994e-03
-4.8910000000000002e-02
-1.0704000000000000e-01
-1.6517000000000001e-01
-2.2330000000000000e-01
-7.1770000000000000e-02
9.5200000000000007e-02
-5.2749999999999998e-02
-1.5085000000000001e-01
-6.1370000000000001e-02
2.8100000000000000e-02
1.1758000000000000e-01
1.6358000000000000e-01
6.4019999999999994e-02
-3.5540000000000002e-02
-1.3510000000000000e-01
-2.3466000000000001e-01
-9.0770000000000003e-02
1.2998999999999999e-01
1.2706999999999999e-01
5.7329999999999999e-02
1.3608000000000001e-01
1.9800000000000001e-01
1.1618000000000001e-01
3.4360000000000002e-02
-4.7460000000000002e-02
3.4349999999999999e-02
1.5454000000000001e-01
2.7472999999999997e-01
1.9811999999999999e-01
8.1210000000000004e-02
-3.5709999999999999e-02
-1.5262000000000001e-01
-2.6954000000000000e-01
-1.9996000000000000e-01
-1.0002000000000000e-01
-9.0000000000000006e-05
9.9849999999999994e-02
1.9978000000000001e-01
1.1703000000000000e-01
1.1700000000000000e-02
-9.3640000000000001e-02
-1.9897000000000001e-01
-3.0430000000000001e-01
-1.4521000000000001e-01
3.6870000000000000e-02
2.1895000000000001e-01
1.7816000000000001e-01
1.2315000000000000e-01
6.8129999999999996e-02
1.3120000000000000e-02
-4.1889999999999997e-02
-9.6900000000000000e-02
-1.5192000000000000e-01
-2.0693000000000000e-01
-1.3489000000000001e-01
6.9379999999999997e-02
2.7365000000000000e-01
2.1199999999999999e-01
1.5035999999999999e-01
8.8719999999999993e-02
2.7080000000000000e-02
-3.2399999999999998e-02
-2.1909999999999999e-02
-1.1429999999999999e-02
-4.0849999999999997e-02
-1.0292000000000000e-01
-1.6500000000000001e-01
-2.1725000000000000e-01
-1.3904000000000000e-01
-6.0819999999999999e-02
1.7389999999999999e-02
9.5600000000000004e-02
8.9910000000000004e-02
2.8280000000000000e-02
-3.3349999999999998e-02
-9.4979999999999995e-02
-1.5659999999999999e-01
-2.0080999999999999e-01
-1.2845000000000001e-01
-5.6090000000000001e-02
-2.4900000000000000e-03
-5.5210000000000002e-02
-1.7720000000000000e-02
6.6250000000000003e-02
1.5021999999999999e-01
1.1327000000000000e-01
-8.3960000000000007e-02
-1.6489999999999999e-01
-9.7850000000000006e-02
-3.0790000000000001e-02
3.6260000000000001e-02
1.0331000000000000e-01
1.2212000000000001e-01
8.6510000000000004e-02
5.0900000000000001e-02
1.5280000000000000e-02
3.1399999999999997e-02
2.1129999999999999e-01
2.2431999999999999e-01
1.8171000000000001e-01
1.3910000000000000e-01
9.6500000000000002e-02
5.3890000000000000e-02
1.1280000000000000e-02
-3.1320000000000001e-02
-7.3929999999999996e-02
-1.1654000000000000e-01
-1.5914000000000000e-01
-1.9428999999999999e-01
-1.3034999999999999e-01
-6.6400000000000001e-02
-2.4499999999999999e-03
2.6859999999999998e-02
-1.1070000000000000e-02
-4.8989999999999999e-02
-8.6910000000000001e-02
-1.1172000000000000e-01
-3.0370000000000001e-02
5.0970000000000001e-02
1.3231999999999999e-01
4.4650000000000002e-02
-6.6070000000000004e-02
-1.4724999999999999e-01
-6.1050000000000000e-02
2.5139999999999999e-02
4.4920000000000002e-02
-2.6990000000000000e-02
-9.8909999999999998e-02
-1.3544000000000000e-01
-2.1090000000000001e-02
9.3259999999999996e-02
2.0760999999999999e-01
1.3086999999999999e-01
4.6160000000000000e-02
-3.8550000000000001e-02
-1.2325000000000000e-01
-8.4970000000000004e-02
8.6540000000000006e-02
1.7852999999999999e-01
3.1910000000000001e-02
-1.4650000000000000e-02
3.4950000000000002e-02
6.3930000000000001e-02
3.7190000000000001e-02
1.0449999999999999e-02
-1.6289999999999999e-02
-4.3029999999999999e-02
-6.9760000000000003e-02
-9.6500000000000002e-02
-1.2324000000000000e-01
-1.4998000000000000e-01
-1.9680000000000000e-02
1.4510000000000001e-01
2.2075000000000000e-01
1.2341000000000001e-01
2.6060000000000000e-02
-7.1279999999999996e-02
-2.9770000000000001e-02
1.0051000000000000e-01
2.3079000000000000e-01
5.1180000000000003e-02
-1.3630999999999999e-01
-6.6659999999999997e-02
2.9900000000000000e-03
7.2650000000000006e-02
1.4230000000000001e-01
2.1195000000000000e-01
2.8160000000000002e-01
2.6840999999999998e-01
1.4083000000000001e-01
1.3240000000000000e-02
-8.1799999999999998e-02
-3.8120000000000001e-02
5.5700000000000003e-03
4.9259999999999998e-02
9.2939999999999995e-02
1.3663000000000000e-01
1.1921000000000000e-01
7.9200000000000007e-02
3.9180000000000000e-02
-8.4000000000000003e-04
-4.0849999999999997e-02
-8.0869999999999997e-02
-6.9339999999999999e-02
8.1549999999999997e-02
2.3243000000000000e-01
3.1156000000000000e-01
2.0615000000000000e-01
1.0075000000000001e-01
-4.6600000000000001e-03
-1.0043000000000001e-01
-4.5229999999999999e-02
9.9699999999999997e-03
6.5180000000000002e-02
9.1730000000000006e-02
6.0109999999999997e-02
2.8490000000000001e-02
-3.1199999999999999e-03
-3.4740000000000000e-02
-6.6360000000000002e-02
-6.9599999999999995e-02
1.3521000000000000e-01
2.3877999999999999e-01
1.7718999999999999e-01
1.1559999999999999e-01
5.3999999999999999e-02
-7.5900000000000004e-03
-6.9180000000000005e-02
7.1790000000000007e-02
2.3279000000000000e-01
1.8512999999999999e-01
1.1931000000000000e-01
5.3499999999999999e-02
-1.2310000000000000e-02
-7.8119999999999995e-02
-3.1329999999999997e-02
2.1389999999999999e-02
3.1210000000000002e-02
-7.3299999999999997e-03
-4.5870000000000001e-02
-8.4409999999999999e-02
4.5190000000000001e-02
1.7649000000000001e-01
2.2198000000000001e-01
1.8165999999999999e-01
1.4133999999999999e-01
1.0102000000000000e-01
6.0710000000000000e-02
2.0389999999999998e-02
-1.9930000000000000e-02
-6.0249999999999998e-02
-1.0057000000000001e-01
-1.4088999999999999e-01
-1.8121000000000001e-01
-2.2151999999999999e-01
-2.0174000000000000e-01
-5.9929999999999997e-02
8.1879999999999994e-02
6.0760000000000002e-02
8.6099999999999996e-03
-4.3549999999999998e-02
-9.5710000000000003e-02
-1.4785999999999999e-01
-2.0002000000000000e-01
-2.2147000000000000e-01
-3.7449999999999997e-02
1.0934000000000001e-01
2.7400000000000001e-02
-5.4539999999999998e-02
-1.3647999999999999e-01
-2.1842000000000000e-01
6.0999999999999997e-04
7.3929999999999996e-02
8.9300000000000004e-03
-5.6070000000000002e-02
-6.3420000000000004e-02
-3.2000000000000003e-04
6.2789999999999999e-02
1.2590000000000001e-01
1.0759000000000001e-01
5.7610000000000001e-02
7.6400000000000001e-03
-4.2340000000000003e-02
5.2440000000000001e-02
1.4868000000000001e-01
1.5276999999999999e-01
6.8320000000000006e-02
-1.6129999999999999e-02
-1.0058000000000000e-01
-1.8503000000000000e-01
-1.3385000000000000e-01
1.4265000000000000e-01
4.0000000000000001e-02
-6.2640000000000001e-02
-2.2899999999999999e-03
9.6290000000000001e-02
6.8290000000000003e-02
1.2500000000000001e-02
-4.3290000000000002e-02
-9.9089999999999998e-02
2.9270000000000001e-02
1.5465999999999999e-01
7.1249999999999994e-02
1.8776000000000001e-01
2.1374000000000001e-01
8.5569999999999993e-02
1.7129999999999999e-02
4.6129999999999997e-02
7.5139999999999998e-02
2.1239999999999998e-02
-4.1880000000000001e-02
-1.0500000000000000e-01
-1.4399000000000001e-01
-6.5199999999999994e-02
1.3590000000000000e-02
2.8200000000000000e-03
-5.0099999999999999e-02
-4.5940000000000002e-02
-3.8780000000000002e-02
-3.7400000000000003e-02
-5.7750000000000003e-02
-7.8109999999999999e-02
-9.8460000000000006e-02
-1.1882000000000000e-01
-1.3916999999999999e-01
-1.5953000000000001e-01
-1.7988000000000001e-01
-2.0024000000000000e-01
-2.2059000000000001e-01
-2.4093999999999999e-01
-1.0092000000000000e-01
8.0579999999999999e-02
5.4160000000000000e-02
3.0159999999999999e-02
5.2060000000000002e-02
7.3959999999999998e-02
4.7910000000000001e-02
5.2620000000000000e-02
1.4659000000000000e-01
1.0347000000000001e-01
2.0109999999999999e-02
5.1330000000000001e-02
4.2680000000000003e-02
-4.0039999999999999e-02
-1.2275999999999999e-01
-5.6160000000000002e-02
3.4759999999999999e-02
5.3310000000000003e-02
2.9360000000000001e-02
5.4099999999999999e-03
-1.8540000000000001e-02
-1.2959999999999999e-02
3.6929999999999998e-02
8.6819999999999994e-02
1.3671000000000000e-01
1.8659999999999999e-01
1.6410000000000000e-01
1.0753000000000000e-01
5.0959999999999998e-02
-5.6100000000000004e-03
-6.2170000000000003e-02
-4.5400000000000003e-02
1.3200000000000000e-03
1.3670000000000000e-02
-1.2730000000000000e-02
-9.7400000000000004e-03
2.3850000000000000e-02
4.6739999999999997e-02
3.7569999999999999e-02
2.8389999999999999e-02
5.9139999999999998e-02
1.0249999999999999e-01
1.4587000000000000e-01
1.4495000000000000e-01
3.5600000000000000e-02
-7.3740000000000000e-02
-1.1772000000000001e-01
-9.1999999999999998e-03
8.5680000000000006e-02
-7.5000000000000002e-04
-8.7169999999999997e-02
-1.7360000000000000e-01
-1.6408000000000000e-01
-8.7900000000000006e-02
-2.4600000000000000e-02
-7.7320000000000000e-02
-1.3003999999999999e-01
-9.0639999999999998e-02
5.2199999999999998e-03
-1.9640000000000001e-02
-6.0970000000000003e-02
-1.0229000000000001e-01
-9.2929999999999999e-02
-7.5500000000000003e-03
7.7829999999999996e-02
3.7620000000000001e-02
-1.4999999999999999e-02
-6.7629999999999996e-02
-1.2026000000000001e-01
-1.4404000000000000e-01
-4.4870000000000000e-02
5.4309999999999997e-02
4.6859999999999999e-02
-4.1399999999999996e-03
-5.5129999999999998e-02
-1.0613000000000000e-01
6.1300000000000000e-03
1.2171000000000000e-01
1.1865000000000001e-01
-7.8899999999999994e-03
-1.3272999999999999e-01
-8.8059999999999999e-02
-4.3380000000000002e-02
-4.3180000000000003e-02
-8.4019999999999997e-02
-1.2193000000000000e-01
-8.9469999999999994e-02
-5.7009999999999998e-02
-2.4539999999999999e-02
-1.2860000000000000e-02
-4.7430000000000000e-02
-8.2000000000000003e-02
-1.1656999999999999e-01
-1.5114000000000000e-01
-1.8570999999999999e-01
-2.2028000000000000e-01
-1.6727000000000000e-01
-5.5879999999999999e-02
5.5509999999999997e-02
1.0543000000000000e-01
5.0700000000000002e-02
-4.0299999999999997e-03
-5.8760000000000000e-02
-1.1348000000000000e-01
-1.6821000000000000e-01
-1.6650000000000001e-01
1.3150999999999999e-01
4.7860000000000000e-02
-6.8980000000000000e-02
-8.5680000000000006e-02
3.0380000000000001e-02
1.4645000000000000e-01
1.1291000000000000e-01
7.1489999999999998e-02
3.0079999999999999e-02
-1.1330000000000000e-02
-5.2749999999999998e-02
8.2189999999999999e-02
7.5370000000000006e-02
6.8550000000000000e-02
6.1740000000000003e-02
5.4919999999999997e-02
4.8099999999999997e-02
4.7829999999999998e-02
5.3859999999999998e-02
5.9889999999999999e-02
3.6420000000000001e-02
4.6400000000000000e-03
-2.7140000000000001e-02
-2.6780000000000002e-02
-1.8390000000000000e-02
-1.0950000000000000e-02
-1.8470000000000000e-02
3.6999999999999999e-04
7.2700000000000001e-02
9.5320000000000002e-02
2.1420000000000002e-02
-5.2479999999999999e-02
-1.2637999999999999e-01
-1.3844999999999999e-01
-4.0610000000000000e-02
4.3920000000000001e-02
3.0800000000000001e-02
3.1500000000000000e-02
3.3419999999999998e-02
-7.0299999999999998e-03
-4.7480000000000001e-02
-8.7929999999999994e-02
-7.4279999999999999e-02
-5.5280000000000003e-02
-3.6280000000000000e-02
-1.7270000000000001e-02
1.7300000000000000e-03
2.0729999999999998e-02
1.8339999999999999e-02
6.7900000000000000e-03
-4.7499999999999999e-03
-1.6299999999999999e-02
-1.9300000000000001e-02
-1.2640000000000000e-02
-2.9250000000000002e-02
-7.0080000000000003e-02
-8.8410000000000002e-02
-3.9250000000000000e-02
9.9000000000000008e-03
2.1909999999999999e-02
-3.6000000000000002e-04
-2.1370000000000000e-02
-1.6100000000000001e-03
1.6530000000000000e-02
-4.5199999999999997e-03
9.7500000000000000e-03
3.2840000000000001e-02
5.5930000000000001e-02
3.0599999999999998e-03
-6.6489999999999994e-02
-1.0314000000000000e-01
-7.3020000000000002e-02
-6.5310000000000007e-02
-7.3169999999999999e-02
-6.7879999999999996e-02
4.3799999999999999e-02
1.5547000000000000e-01
1.6841999999999999e-01
1.2087000000000001e-01
7.3319999999999996e-02
2.5770000000000001e-02
-2.1790000000000000e-02
-2.5720000000000000e-02
3.5779999999999999e-02
9.7290000000000001e-02
1.1638000000000000e-01
7.6910000000000006e-02
3.7440000000000001e-02
4.5339999999999998e-02
7.4529999999999999e-02
1.0371000000000000e-01
1.1311000000000000e-01
4.8039999999999999e-02
-1.7020000000000000e-02
-8.2080000000000000e-02
-1.4713999999999999e-01
-1.5225000000000000e-01
-9.4950000000000007e-02
-3.7650000000000003e-02
1.9650000000000001e-02
7.6950000000000005e-02
8.5529999999999995e-02
4.9149999999999999e-02
1.2760000000000001e-02
-2.3619999999999999e-02
-5.9999999999999998e-02
-9.6390000000000003e-02
-1.2584999999999999e-01
-4.7000000000000000e-02
3.1850000000000003e-02
5.3190000000000001e-02
3.1140000000000001e-02
9.0900000000000009e-03
-1.2970000000000001e-02
-3.5020000000000003e-02
-5.7070000000000003e-02
-6.6420000000000007e-02
-5.3210000000000000e-02
-3.9989999999999998e-02
-2.6780000000000002e-02
-1.3559999999999999e-02
-3.5000000000000000e-04
-1.0550000000000000e-02
-2.3650000000000001e-02
-3.6749999999999998e-02
-4.9860000000000002e-02
-4.8219999999999999e-02
-2.6239999999999999e-02
-4.2599999999999999e-03
1.7729999999999999e-02
1.4600000000000000e-02
2.0000000000000001e-04
-1.4200000000000001e-02
-2.1940000000000001e-02
-4.6200000000000000e-03
1.2690000000000000e-02
9.4699999999999993e-03
-1.6010000000000000e-02
-4.1480000000000003e-02
-6.6960000000000006e-02
-9.2429999999999998e-02
1.7700000000000001e-03
9.3350000000000002e-02
5.6660000000000002e-02
1.9959999999999999e-02
1.4010000000000000e-02
3.5349999999999999e-02
5.6680000000000001e-02
6.1990000000000003e-02
2.9940000000000001e-02
-2.0999999999999999e-03
-3.4150000000000000e-02
-3.9129999999999998e-02
1.0840000000000001e-02
6.0819999999999999e-02
4.5659999999999999e-02
1.8110000000000001e-02
-9.4500000000000001e-03
-3.7010000000000001e-02
-6.4570000000000002e-02
-4.3679999999999997e-02
-1.5550000000000000e-02
1.2579999999999999e-02
3.2180000000000000e-02
-6.2000000000000000e-04
-3.3419999999999998e-02
-6.6220000000000001e-02
-9.9019999999999997e-02
-1.3181999999999999e-01
-1.0976000000000000e-01
-6.0670000000000002e-02
-1.1580000000000000e-02
3.7510000000000002e-02
7.1709999999999996e-02
4.6330000000000003e-02
2.0950000000000000e-02
-4.4200000000000003e-03
-2.9800000000000000e-02
-5.5180000000000000e-02
-8.0549999999999997e-02
-1.0593000000000000e-01
-7.7700000000000005e-02
-3.1620000000000002e-02
1.4470000000000000e-02
6.0560000000000003e-02
5.4080000000000003e-02
3.1890000000000002e-02
9.7000000000000003e-03
-1.2489999999999999e-02
-3.4669999999999999e-02
-5.6860000000000001e-02
-5.9560000000000002e-02
-1.8890000000000001e-02
2.1790000000000000e-02
6.2460000000000002e-02
2.5530000000000001e-02
-2.7289999999999998e-02
-1.5389999999999999e-02
8.8299999999999993e-03
3.3059999999999999e-02
9.8600000000000007e-03
-2.1059999999999999e-02
-5.1979999999999998e-02
-6.2129999999999998e-02
-3.8370000000000001e-02
-1.4610000000000000e-02
9.1400000000000006e-03
1.3490000000000000e-02
7.3800000000000003e-03
1.2700000000000001e-03
-4.8399999999999997e-03
-5.4599999999999996e-03
1.1999999999999999e-03
7.8600000000000007e-03
1.4530000000000000e-02
1.7239999999999998e-02
1.5140000000000001e-02
1.3040000000000000e-02
2.0209999999999999e-02
3.7859999999999998e-02
3.4000000000000002e-02
3.5069999999999997e-02
4.1730000000000003e-02
4.8390000000000002e-02
2.0140000000000002e-02
-8.1099999999999992e-03
-3.6370000000000000e-02
-3.0030000000000001e-02
-1.3370000000000000e-02
3.2900000000000000e-03
1.9949999999999999e-02
3.6620000000000000e-02
5.3280000000000001e-02
6.7210000000000006e-02
3.8300000000000001e-02
9.3900000000000008e-03
7.4700000000000001e-03
2.5100000000000001e-02
4.2720000000000001e-02
6.0350000000000001e-02
4.1630000000000000e-02
1.6490000000000001e-02
-8.6499999999999997e-03
-3.8400000000000001e-03
5.4500000000000000e-03
6.2500000000000003e-03
-6.8100000000000001e-03
-1.9869999999999999e-02
-2.5380000000000000e-02
1.1910000000000000e-02
4.9200000000000001e-02
8.6489999999999997e-02
1.2379000000000000e-01
8.5800000000000001e-02
4.2150000000000000e-02
-1.5000000000000000e-03
-4.5159999999999999e-02
-3.7789999999999997e-02
-8.5500000000000003e-03
2.0690000000000000e-02
4.9919999999999999e-02
5.2929999999999998e-02
2.7519999999999999e-02
2.1199999999999999e-03
-2.3290000000000002e-02
-3.3739999999999999e-02
6.8000000000000005e-04
3.4000000000000002e-02
1.3690000000000001e-02
-6.6100000000000004e-03
-2.6910000000000000e-02
-4.7219999999999998e-02
-1.6350000000000000e-02
2.8119999999999999e-02
2.8889999999999999e-02
1.8730000000000000e-02
1.8429999999999998e-02
2.5559999999999999e-02
3.2689999999999997e-02
2.5470000000000000e-02
8.2900000000000005e-03
-8.8900000000000003e-03
-2.2079999999999999e-02
-3.0000000000000001e-03
1.6090000000000000e-02
1.2940000000000000e-02
6.4599999999999996e-03
-1.0000000000000001e-05
2.4760000000000001e-02
3.5909999999999997e-02
2.0809999999999999e-02
5.7099999999999998e-03
-9.3900000000000008e-03
-2.4490000000000001e-02
-2.1190000000000001e-02
-8.8199999999999997e-03
3.5400000000000002e-03
1.1209999999999999e-02
1.3999999999999999e-04
-1.0930000000000000e-02
-2.1999999999999999e-02
-3.3070000000000002e-02
-3.7760000000000002e-02
-2.1049999999999999e-02
-4.3499999999999997e-03
1.2359999999999999e-02
2.9059999999999999e-02
2.9690000000000001e-02
1.4230000000000000e-02
-1.2199999999999999e-03
-1.6680000000000000e-02
-3.2129999999999999e-02
-4.5699999999999998e-02
-1.3870000000000000e-02
1.7960000000000000e-02
4.7149999999999997e-02
2.6169999999999999e-02
5.1999999999999998e-03
7.8899999999999994e-03
2.8450000000000000e-02
3.7120000000000000e-02
2.1659999999999999e-02
6.2100000000000002e-03
7.2899999999999996e-03
1.9390000000000001e-02
3.1480000000000001e-02
2.8400000000000002e-02
2.3050000000000001e-02
1.7710000000000000e-02
2.5890000000000000e-02
3.5920000000000001e-02
1.5840000000000000e-02
1.9939999999999999e-02
3.8850000000000003e-02
2.7140000000000001e-02
1.2400000000000000e-02
2.6079999999999999e-02
2.1520000000000001e-02
7.3800000000000003e-03
-6.7600000000000004e-03
2.9099999999999998e-03
2.2790000000000001e-02
4.2659999999999997e-02
4.3299999999999998e-02
3.6470000000000002e-02
2.9640000000000000e-02
2.2810000000000000e-02
2.3259999999999999e-02
3.1309999999999998e-02
3.4750000000000003e-02
2.5110000000000000e-02
1.5460000000000000e-02
5.8100000000000001e-03
1.0959999999999999e-02
2.0279999999999999e-02
2.5399999999999999e-02
2.0260000000000000e-02
1.5110000000000000e-02
1.9570000000000001e-02
2.6280000000000001e-02
3.3000000000000002e-02
2.8510000000000001e-02
2.1720000000000000e-02
1.4940000000000000e-02
8.1499999999999993e-03
2.7499999999999998e-03
9.8099999999999993e-03
1.6870000000000000e-02
2.3930000000000000e-02
3.0990000000000000e-02
3.1739999999999997e-02
2.2200000000000001e-02
1.2670000000000001e-02
3.1300000000000000e-03
3.4499999999999999e-03
8.8400000000000006e-03
1.4230000000000000e-02
1.9619999999999999e-02
1.6039999999999999e-02
1.1790000000000000e-02
7.5300000000000002e-03
2.2980000000000000e-02
1.5160000000000000e-02
6.0699999999999999e-03
4.6699999999999997e-03
1.1950000000000001e-02
1.9220000000000001e-02
2.6499999999999999e-02
3.3779999999999998e-02
3.7510000000000002e-02
3.0640000000000001e-02